99
2525 1
2400 5
300 2
120 60
60 90
967581918 1
956974209 721
342002195 1
225460547 9515
949311949 1
301073201 8414
255796857 1
92901562 2087
1000000000 2
12345675 3
12345676 2
572099181 1
274955650 4969
1000000000 2
200 10000
100 10000
943025385 1
105957662 1413
654555759 1
106892588 1800
962218906 1
810610698 8637
236115595 1
170448928 8326
733147865 1
48814245 6770
593442766 1
130739977 8634
224615298 1
188252164 8193
717656464 1
572386002 470
1000000000 1
999999999 1
757561388 1
596658559 4213
269394737 1
176008867 1780
1000000000 2
999999999 2
999999998 3
81362097 1
10505558 7918
110823484 1
91539117 9718
952514042 1
732381435 8133
21039895 1
9175952 6623
308155910 1
67781411 1154
984917663 1
226987750 5486
271881155 1
185191983 7601
722706017 1
385567894 3822
227046628 1
62268677 2657
1000000000 2
999999998 2
999999997 3
661170805 1
499759631 2097
832751795 1
184434260 3205
982754559 1
777629443 7684
594488951 1
501689639 6044
609385491 1
105395862 1127
1000000000 1
999999999 10000
236691086 1
226449541 5152
540021352 1
436677935 8872
54620254 1
1062907 862
428539690 1
134906129 5059
812458963 1
98812332 5048
742509690 1
481881263 3532
1000000000 1
1 1
978660622 1
189278790 1020
1000000000 2
999000000 10000
998000000 10000
222539308 1
156016633 9588
343082639 1
75028264 6505
1000000000 2
999999996 3
999999997 2
412878118 1
53854990 6332
763148411 1
212431635 7492
273258934 1
178513544 7858
664752199 1
395681442 6044
641516759 1
167071654 5179
757079886 1
679826002 512
962918026 1
341461622 7571
457223612 1
30358305 3322
229252500 2
149375900 2469
45558479 6173
996301840 1
915115709 3701
613829938 1
142105854 1203
601276730 1
18434298 5776
384968378 1
332692632 7769
631011150 1
214393131 1166
364310092 1
85691648 9251
463271021 1
428930914 2535
982923240 1
430898830 3728
92727264 1
779212 9265
309946125 1
172476420 9609
29039697 1
18411582 2314
480843661 1
466024100 4870
109770527 1
98079248 3361
253879449 1
201180221 2467
200000 2
5000 2
5001 1
167944599 1
60613610 6814
159727198 1
62312936 6338
2 1
1 10000
703614407 1
698467057 4542
325118049 1
129761729 9204
293387208 1
243230842 5051
672585204 1
377681796 6806
1000000000 2
998000000 1
999000000 1
351930876 1
319820037 1668
410117431 1
401259749 2246
981396592 1
608844208 1145
352755734 1
90551807 3941
997335275 1
277469573 6590
50168814 1
25004397 4221
84504976 1
68283366 3841
517876264 1
325318711 7043
431646564 1
282473779 7758
497819620 2
484684577 3353
301038102 9355
2 1
1 1
738089841 1
412087442 3747
1000000000 2
2 2
1 3
302056394 1
173940240 6193
248018144 1
225749620 8311
1000000000 1
1 10000
779359346 1
676199336 3736
523447046 1
90760770 5555
