100
6.0 3.4 1872.3518
493.22970 1.38987 1962.71683
497.91350 1.41136 1974.87535
328.02097 3.41305 41.38976
454.0 3.63 1707.169
497.16407 1.36645 1994.52807
493.58767 1.28598 1993.69694
246.00000 2.00000 492.00000
105.95174 1.21120 1564.92026
106.95908 1.28238 127.54323
101.06424 3.33611 1817.10409
497.88033 1.26165 1953.44927
185.14641 1.06955 1372.21341
497.10356 1.05593 1986.70879
380.00000 3.00000 391.00000
111.0 1.0 774.30
498.66848 1.49358 1989.32760
383.68 1.772 944.0
492.82750 1.38909 1988.19394
494.27507 1.03401 1957.98398
305.9117 2.52037 1.000
1.03860 3.07844 1999.94874
493.76865 1.20423 1948.67298
498.10740 1.27113 1908.16615
153.09215 2.0 1573.3644
177.0 4.0 786.0
494.10307 1.11926 1953.60661
223.26692 2.25933 1455.27163
1.49047 3.51729 3.24680
476.0 1.0 900.0
27.77042 2.86734 1117.89266
496.65678 1.09038 1944.07686
284.64701 1.27013 1643.18286
493.77942 1.12361 1933.20052
333.0 1.0 1857.0
10.20006 2.63927 498.29915
409.0 2.0 1467.0
492.85935 1.33201 1937.03418
127.0 1.0 220.0
306.08056 3.67990 609.64928
1.05536 3.50367 1999.07126
311.0 1.0 1792.0
491.81039 1.25152 1939.21568
408.0 1.80 867.311
493.41288 1.21095 1938.34831
418.0 1.0 1348.0
495.39164 1.10106 1927.70018
248.3775 1.0 695.9785
495.35002 1.03867 1948.67529
495.91235 1.40636 1998.96198
497.40971 1.12446 1924.28774
335.70706 1.54501 1519.91842
271.0 2.0 1429.0
175.55088 1.08430 951.45898
201.0 3.7484 901.611
1.00638 3.56670 1999.87752
492.44256 1.08480 1998.17630
494.44792 1.29071 1915.26175
61.00000 2.00000 122.00000
364.00000 3.00000 399.00000
497.43815 1.17704 1997.29424
1.02174 3.00991 1999.92613
136.39 2.82 2000.0
189.13 3.140 146.0
491.39710 1.38146 1907.73882
371.0 2.0 1805.0
16.50085 1.98254 1610.89122
490.14307 1.19309 1958.49495
493.59921 1.11841 1918.75705
457.58620 2.45451 1219.59070
490.08024 1.01882 1973.75426
260.11554 2.53920 1113.8354
498.0 3.0 75.0
82.07926 2.89346 1008.05048
178.4429 1.57140 1498.52
499.00000 3.00000 523.00000
306.13993 3.89123 1721.36285
421.509 1.0 1356.08837
225.0 2.5044 547.1455
490.89569 1.17983 1943.87722
494.43532 1.04419 1940.66855
186.0 2.0 1213.0
186.00000 2.00000 372.00000
113.0 3.0 1870.6
312.0 4.00 1747.0
1.000 1.38 691.5651
500.00 2.0 1692.3870
490.33885 1.38757 1950.43236
64.25471 3.75116 593.47162
498.53973 1.20908 1998.48251
498.94080 1.26245 1929.01145
456.0 3.0 586.0
498.52424 1.20471 1930.73999
84.37280 2.23065 1470.52870
14.00000 2.00000 28.00000
498.20287 1.19113 1909.75157
371.67423 3.89146 1558.30556
286.00000 4.00000 310.00000
111.86854 3.96688 591.03368
288.0 4.0 1242.0
