100
493.03066 1.00173 1984.44233
312.0 2.0 639.0
48.95 2.45 1742.011
179.0 2.0 1706.0
419.3 3.1 1857.5
493.39767 1.01467 1960.32657
94.0 1.0 1612.0
1.00508 3.96431 1999.11727
107.21923 1.62159 803.30696
178.18 2.7943 437.5233
455.00000 3.00000 459.00000
492.40183 1.09806 1986.47640
496.20682 1.46357 1986.09609
267.39995 1.88189 303.65317
1.00000 2.0 1809.26192
475.735 1.94 361.064
440.00000 3.00000 471.00000
1.01399 3.56093 1999.77133
492.68187 1.18207 1968.27951
96.4746 3.21 1105.369
498.96499 1.16428 1900.82933
491.53366 1.45294 1988.97558
135.31962 3.14701 408.62137
495.75772 1.47106 1389.76567
466.00000 2.00000 932.00000
15.0 2.0 77.0
496.06558 1.16708 1917.22011
286.34083 2.03935 1651.74188
52.0 1.0 374.0922
496.92153 1.14763 1913.37402
493.01134 1.05008 1922.47228
490.53833 1.49269 1998.07735
497.03247 1.24441 1957.60401
349.95013 2.58755 1859.10558
261.37922 1.53218 66.20
491.44143 1.16049 1946.54241
498.62383 1.39308 1921.15606
493.50813 1.48745 1996.11933
223.0 1.0 595.0
125.17594 3.73941 53.95382
118.74518 3.80413 1320.01288
437.6 3.8524 855.42
184.0 3.0 1448.0
500.00 2.821 996.1
52.448 2.8012 1.000
36.89053 1.04911 1770.67136
103.01359 3.71546 1561.19823
282.6198 1.91276 542.02
374.3 2.409 1593.0
491.90298 1.14264 1912.94139
493.60130 1.06042 1937.38471
147.0 2.0 1413.0
493.18386 1.21300 1952.34989
493.49949 3.00448 1900.66122
134.00000 2.00000 268.00000
126.52 1.0 605.0
2.88560 3.18403 1708.46393
111.75505 2.82460 1774.59716
135.0 4.0 1858.0
494.71483 1.26027 1922.55970
453.00000 2.00000 455.00000
241.30978 3.20057 82.85465
492.11986 1.20261 1959.46519
99.0 4.000 1566.479
358.0 3.29 637.0
435.00000 3.00000 461.00000
421.0 3.0 1474.0
490.89260 1.23912 1908.51583
486.0 2.0 947.0
395.34234 3.53973 193.15116
153.0 1.0 727.0
495.41897 1.30608 1915.73198
494.13033 1.03195 1990.66085
206.37966 3.80942 753.35603
447.0 1.000 266.9449
494.71975 1.19110 1954.83899
498.77929 1.21658 1907.51582
493.62383 1.36417 1967.64728
494.55305 1.26518 1918.10621
498.45185 1.28773 1967.14058
240.3224 3.0 1132.612
58.00000 2.00000 116.00000
208.56267 3.15667 133.43402
368.0 3.0 199.0
394.6410 1.21 2000.0
496.55925 1.01172 1909.62968
425.00000 2.00000 850.00000
1.00474 3.98245 1999.22014
493.35901 1.15316 1911.17606
57.0 1.0 1147.0
1.08820 3.85898 1999.80512
495.36592 1.08932 1955.48444
192.44647 2.64080 858.17987
491.68319 1.04255 1912.20718
201.33892 3.07351 1265.62677
491.70831 1.00767 1965.38236
498.45177 1.36329 1901.10758
2.24063 3.81556 3.47517
490.51454 1.13873 1982.05010
321.52278 1.72618 1780.23827
